100
84403
62981
17560
11870
91571
98744
58003
26430
42991
56377
92512
6268
37949
94374
62395
78142
78407
40127
91541
56558
85939
44071
82621
70920
37767
92702
48972
65703
93189
71326
8458
82329
59777
46611
55153
25093
48629
40314
19904
97292
78126
66608
20669
80886
8040
57091
6042
41199
73019
74597
83666
82394
56079
8972
80651
90090
5370
11197
55053
45936
44768
9417
12302
24487
17245
50162
83998
6017
35399
31564
81875
76536
52739
71453
90888
1465
42982
7427
69408
48612
14827
41606
20318
78193
98051
29617
38448
5729
77775
57912
57549
4547
44726
12263
14255
82841
53849
3676
57232
6859
