Resultado Ordenamiento Insertion
[1465,3676,4547,5370,5729,6017,6042,6268,6859,7427,8040,8458,8972,9417,11197,11870,12263,12302,14255,14827,17245,17560,19904,20318,20669,24487,25093,26430,29617,31564,35399,37767,37949,38448,40127,40314,41199,41606,42982,42991,44071,44726,44768,45936,46611,48612,48629,48972,50162,52739,53849,55053,55153,56079,56377,56558,57091,57232,57549,57912,58003,59777,62395,62981,65703,66608,69408,70920,71326,71453,73019,74597,76536,77775,78126,78142,78193,78407,80651,80886,81875,82329,82394,82621,82841,83666,83998,84403,85939,90090,90888,91541,91571,92512,92702,93189,94374,97292,98051,98744]

Resultado Ordenamiento Merge
[1465,3676,4547,5370,5729,6017,6042,6268,6859,7427,8040,8458,8972,9417,11197,11870,12263,12302,14255,14827,17245,17560,19904,20318,20669,24487,25093,26430,29617,31564,35399,37767,37949,38448,40127,40314,41199,41606,42982,42991,44071,44726,44768,45936,46611,48612,48629,48972,50162,52739,53849,55053,55153,56079,56377,56558,57091,57232,57549,57912,58003,59777,62395,62981,65703,66608,69408,70920,71326,71453,73019,74597,76536,77775,78126,78142,78193,78407,80651,80886,81875,82329,82394,82621,82841,83666,83998,84403,85939,90090,90888,91541,91571,92512,92702,93189,94374,97292,98051,98744]

Resultado Ordenamiento Quick
[1465,3676,4547,5370,5729,6017,6042,6268,6859,7427,8040,8458,8972,9417,11197,11870,12263,12302,14255,14827,17245,17560,19904,20318,20669,24487,25093,26430,29617,31564,35399,37767,37949,38448,40127,40314,41199,41606,42982,42991,44071,44726,44768,45936,46611,48612,48629,48972,50162,52739,53849,55053,55153,56079,56377,56558,57091,57232,57549,57912,58003,59777,62395,62981,65703,66608,69408,70920,71326,71453,73019,74597,76536,77775,78126,78142,78193,78407,80651,80886,81875,82329,82394,82621,82841,83666,83998,84403,85939,90090,90888,91541,91571,92512,92702,93189,94374,97292,98051,98744]

Resultado Ordenamiento stdSort
[1465,3676,4547,5370,5729,6017,6042,6268,6859,7427,8040,8458,8972,9417,11197,11870,12263,12302,14255,14827,17245,17560,19904,20318,20669,24487,25093,26430,29617,31564,35399,37767,37949,38448,40127,40314,41199,41606,42982,42991,44071,44726,44768,45936,46611,48612,48629,48972,50162,52739,53849,55053,55153,56079,56377,56558,57091,57232,57549,57912,58003,59777,62395,62981,65703,66608,69408,70920,71326,71453,73019,74597,76536,77775,78126,78142,78193,78407,80651,80886,81875,82329,82394,82621,82841,83666,83998,84403,85939,90090,90888,91541,91571,92512,92702,93189,94374,97292,98051,98744]

----------------------------------------------------------------
Pasando con SemiOrdenados
----------------------------------------------------------------
Resultado Ordenamiento Insertion (SemiOrdenados)
[1,2,3,4,5,6,7,8,9,11,12,13,14,15,16,17,18,19,21,22,23,24,25,26,27,28,29,31,32,33,34,35,36,37,38,39,41,42,43,44,45,46,47,48,49,51,52,53,54,55,56,57,58,59,61,62,63,64,65,66,67,68,69,71,72,73,74,75,76,77,78,79,81,82,83,84,85,86,87,88,89,91,92,93,94,95,96,97,98,99,19603,19884,25836,36210,45229,54756,58577,63894,79776,90070]

Resultado Ordenamiento Merge (SemiOrdenados)
[1,2,3,4,5,6,7,8,9,11,12,13,14,15,16,17,18,19,21,22,23,24,25,26,27,28,29,31,32,33,34,35,36,37,38,39,41,42,43,44,45,46,47,48,49,51,52,53,54,55,56,57,58,59,61,62,63,64,65,66,67,68,69,71,72,73,74,75,76,77,78,79,81,82,83,84,85,86,87,88,89,91,92,93,94,95,96,97,98,99,19603,19884,25836,36210,45229,54756,58577,63894,79776,90070]

Resultado Ordenamiento Quick (SemiOrdenados)
[1,2,3,4,5,6,7,8,9,11,12,13,14,15,16,17,18,19,21,22,23,24,25,26,27,28,29,31,32,33,34,35,36,37,38,39,41,42,43,44,45,46,47,48,49,51,52,53,54,55,56,57,58,59,61,62,63,64,65,66,67,68,69,71,72,73,74,75,76,77,78,79,81,82,83,84,85,86,87,88,89,91,92,93,94,95,96,97,98,99,19603,19884,25836,36210,45229,54756,58577,63894,79776,90070]

Resultado Ordenamiento stdSort (SemiOrdenados)
[1,2,3,4,5,6,7,8,9,11,12,13,14,15,16,17,18,19,21,22,23,24,25,26,27,28,29,31,32,33,34,35,36,37,38,39,41,42,43,44,45,46,47,48,49,51,52,53,54,55,56,57,58,59,61,62,63,64,65,66,67,68,69,71,72,73,74,75,76,77,78,79,81,82,83,84,85,86,87,88,89,91,92,93,94,95,96,97,98,99,19603,19884,25836,36210,45229,54756,58577,63894,79776,90070]

